95
34432 9999920 222
4945 279540 7
3263 62970 1
4401 792858 5
8135 346033 4
3748 207521 4
9523 81976 5
4766 385349 3
1925 194236 4
1000000000 1000000000000000000 1
3976 759716 7
3825 934105 6
4827 379304 8
21345 4441283 13
3207 523325 2
0 132 1
8229 384684 2
2871 611476 1
886 56750 8
100000 1000000000000000000 3
2739 884729 5
1363 123520 8
1405 52064 3
646 753992 3
8892 186601 5
9929 160753 4
2675 641763 3
5759 165757 6
1209 371972 7
121 132 1
2965 769993 4
3491 376189 1
5649 246089 1
332 539995 7
39 1000000 3
701 837097 8
6916 519450 6
2035 587687 6
2519 171840 3
7998 968182 1
2590 45700 5
5579 763362 2
9412 458712 2
1616 875376 6
9974 603759 9
6366 921028 2
7597 115191 5
0 1000000000000000000 1
8129 512819 4
1712 931656 3
1002 914907 8
7977 626769 9
9324 755359 1
9628 221919 9
3286 977701 4
9325 343906 8
2789 205886 5
9151 163110 6
2851 217912 4
1396 974496 5
121 121 11
6153 882984 8
8483 164651 3
6673 645665 9
4131 988357 1
490 499674 1
10 22322 2
8145 485026 9
4370 274443 1
999 99999 78788
258 978067 6
9385 146808 1
3376 156586 6
0 1000000000000000000 1000000000
5272 393026 2
22322 22322 1
3459 893118 8
9352 507517 9
5630 555906 6
2791 674701 5
852 514597 2
3568 887100 8
3901 458931 4
121 131 1
1516 476245 5
2228 961000 6
400 793131 4
6311 744038 5
8764 690922 4
7243 39232 6
0 100 2
8989 909410 5
6574 530230 2
2433 588437 7
1813 539974 3
