100
173 90
555 27
865 23
908 56
3 10
1000 1
2 50
745 5
871 75
81 39
906 56
728 33
120 75
1000 98
537 11
509 10
808 71
786 52
853 50
108 30
30 46
642 34
424 35
793 69
816 86
440 28
875 93
656 95
551 71
1000 4
109 76
712 1
755 11
1000 95
744 3
226 22
616 91
1000 99
252 96
289 65
823 3
2 2
451 5
500 44
279 28
779 34
885 57
439 40
143 26
2 4
383 4
598 42
387 98
140 74
264 31
492 12
61 39
2 1
362 76
295 30
924 39
132 90
758 85
95 37
24 85
1000 96
958 86
950 63
1000 2
2 5
397 40
582 60
2 3
1000 5
950 95
13 37
2 99
1000 3
2 97
29 97
507 14
758 81
289 48
892 10
398 61
2 96
494 92
2 98
2 95
824 54
1000 97
413 35
270 26
355 11
915 30
959 86
838 46
79 65
635 54
918 38
