100
8237213
559513
592432
9
6537523
9010879
11
3132736
9999991
1
5094841
5331653
9309119
9999996
6987083
7742461
6735763
3323191
9999973
10
7783893
9999161
9999972
9299449
3
3929879
3702389
3410821
928009
2196613
2610613
10000000
2
9987391
1507483
983469
3023326
9999162
1481717
2872729
3877633
8603593
6716541
3949061
5
3910981
4461643
9999999
4572049
8248729
4170220
6513281
9999971
3855409
1281246
6697461
6704676
1264969
5001361
7
8697851
9999931
5388168
140839
9999995
9325574
2044523
6
1144
2896297
1221469
4
7551991
1862603
8
8460583
1750607
8184167
9999929
13
3191803
9999998
390548
7203246
4461641
2360890
9999997
4936439
4751053
4461642
6865010
8763892
9516811
9971849
9999163
2295773
615403
9999930
12
4046177
